76561199081527148
76561199064254335
76561198414669268
76561199475296693
76561199284405289
76561199363158334
76561199227929707
76561199081527148
76561199354287549
76561198879671149
76561199227152683
76561199124734683
76561199134507794
76561199034568128
76561199255376964
76561199484533138
76561199225861042
76561199107827531
76561199406919973
76561198257808296
76561199046550944
76561199038804331
76561199169810782
76561199385394218
76561198918515122
76561198426790877
76561198795838101
76561199204444801
76561198918515122
76561198882488454
76561198376946017
76561199204444801
76561199112273603
76561199183741922
76561198882488454
