76561198414669268
76561199354287549
76561199255376964
76561199406919973
76561199385394218
76561198882488454
76561198882488454
76561198358745276
76561198358745276
76561199041377541
76561198318002820
76561199139734578
76561198452647578
76561198452647578
76561198374576890
76561198882335055
76561198442391845
76561199091578086
76561198082471002
76561199028832496
76561199466953899
76561198846724734
76561198439690482
76561199077391950
76561199151796754
76561199367673674
76561198911319017
76561199049605716
76561199049605716
76561199476949779
76561199476949779
76561198817337146
76561199100503573
76561199223686467
76561199223686467
76561199474806466
76561199085395613
76561199094675824
76561198321593224
76561198125432349
76561198931714747
76561199502236687
76561198995432841
76561199041986416
76561198985825280
76561198985825280
76561198886498089
76561198950268039
76561198426839337
76561198894601585
76561199224091371
76561199177498804
76561199104685905
76561199017385468
76561198876159792
76561199064254335
76561199363158334
76561199227152683
76561199484533138
76561199046550944
76561198426790877
76561198376946017
76561198901724037
76561199350087298
76561198369573605
76561199104242940
76561199104242940
76561198846270560
76561199003258810
76561198966009080
76561199240415128
76561199075406367
76561198954155299
76561199115160366
76561198832130389
76561199137353699
76561198219004425
76561198985054100
76561199006055552
76561199006055552
76561199217000920
76561199259158437
76561198839290615
76561199235200260
76561199235200260
76561199218118969
76561199218118969
76561198843626915
76561198372362394
76561199026581552
76561199023717446
76561199488735752
76561199100919463
76561199047927009
76561199046819874
76561199041594351
76561199092359709
76561198849917060
76561199175215109
76561198991706377
76561198870725629
76561198889832707
76561199184549607
76561199050839893
76561198975919559
76561199072884522
76561199171508393
76561199151641629
76561199112297761
76561199112297761
76561199081527148
76561199081527148
76561199134507794
76561199107827531
76561199169810782
76561199204444801
76561199204444801
76561198864038683
76561199386175227
76561199016313592
76561199225486421
76561199058486462
76561199058486462
76561198880366113
76561199405659753
76561199405659753
76561199114247127
76561199114247127
76561199097209477
76561198996152559
76561198800180480
76561198994909681
76561198994909681
76561199229168587
76561198882454285
76561198880823809
76561198888648866
76561199238760311
76561199054117068
76561199096664637
76561199064575195
76561198437759285
76561198859221091
76561199014583534
76561198880115287
76561198348912605
76561199070653271
76561199104758584
76561199104758584
76561199173846901
76561199164053895
76561199293303037
76561199082632380
76561198393247805
76561198967825608
76561198977247896
76561199139857100
76561199148046678
76561199042492893
76561199042492893
76561198334456973
76561199161684605
76561199128217461
76561198800195261
76561199475296693
76561199227929707
76561199124734683
76561199225861042
76561199038804331
76561198795838101
76561199112273603
76561199359483145
76561199074380707
76561199171742536
76561198961183601
76561199226399609
76561199012085392
76561199012085392
76561198852506584
76561198969473169
76561198423827820
76561199097811601
76561199097811601
76561198919884022
76561199007181387
76561199007181387
76561198984298961
76561199223629586
76561199085212918
76561198988491845
76561198986447782
76561199057805057
76561198445127149
76561199130295368
76561199476253543
76561198251126210
76561199383848323
76561199206609067
76561199206609067
76561199032615705
76561199004414962
76561199008319212
76561199202862578
76561199323416373
76561199323416373
76561198882284171
76561198196539613
76561199129247656
76561198148419410
76561199037266339
76561199403129038
76561199003511911
76561199144680776
76561199049245873
76561198197459809
76561199118203526
76561198405551598
76561199026879220
76561199284405289
76561198879671149
76561199034568128
76561198257808296
76561198918515122
76561198918515122
76561199183741922
76561198955023494
76561199221452823
76561199297662123
76561199278199013
76561198950825443
76561199234957506
76561199234957506
76561199055214615
76561199336911187
76561198879867305
76561199062395792
76561199249684047
76561198843722417
76561198799156688
76561199198303032
76561199101612258
76561198974981138
76561198836888748
76561199401594808
76561199109734367
76561198412805486
76561199503393352
76561199087348384
76561198930826605
76561199053503556
76561199053503556
76561198854571285
76561198875208791
76561198994756977
76561199149928227
76561199061555690
76561199489011962
76561199057593356
76561198288495100
76561198829957113
76561198843686338
76561199144552220
76561199153317799
76561199153317799
76561198877688455
76561199039103678
76561199062430806
76561198428036175
76561199163476056
76561199492613334
76561199400167394
76561199118990038
76561198818067138